5, 4, 8, 2, 0, 2, 5, 1, 9, 6, 8,10, 2, 4, 5, 6, 6, 9, 4, 6, 8,-1
 5, 2, 2, 1, 5, 9, 7, 1, 1, 0, 1, 7, 1, 6, 9,-1,-1, 1, 0, 7, 6, 6
 2,10, 7, 1, 4, 5, 0,10, 5, 1, 1, 3, 4, 8, 9, 8,10, 5,10, 6, 6, 2
 8, 0, 1, 9,10,10, 2,10,10,10, 6, 8, 0, 0, 8, 5, 8, 4, 4, 6, 7,10
 3, 9,10, 3, 6, 7,10, 1, 5,-1, 9, 2, 7,10, 7, 6,10,10,-1, 7, 0, 3
 5, 3, 0, 0, 8, 0, 2, 4, 0, 3, 0, 9, 1, 7, 1, 7, 9, 9, 6, 9, 3,10
 7, 6, 7, 1, 8, 1, 0, 6, 5, 8, 0, 2,10,-1, 4, 0, 4,10, 3, 5, 8, 6
 2, 6, 6, 3, 6, 5, 0, 1, 9, 1, 5, 4, 9,10, 7, 0, 3, 4, 1, 4, 2, 8
 8,-1, 0, 8, 6,-1, 5, 9, 4, 8, 5, 3, 7, 6, 6, 8,10, 4, 9, 6, 5, 3
 6, 6,10,-1, 2, 1, 2, 7,-1,-1, 6,10,10, 3, 2, 7, 5, 8, 2, 8, 2, 4
 6, 2, 3,-1, 1, 8, 6,-1, 7, 2, 1,-1, 2, 3, 2,10, 3, 7, 2, 3, 6, 2
 8, 7, 8, 3, 0, 9, 2, 0, 0, 4, 2, 7, 0, 0, 0, 9, 7, 0, 7, 4, 7,-1
-1, 3, 3, 8,10, 1, 9,-1,10, 0, 4, 0, 3,10, 0, 7, 7, 3, 3, 8, 7, 5
 6, 6, 3, 4, 4, 5, 3, 5,-1, 9, 1,10, 1, 9, 4, 4, 7, 5, 9, 2, 7,10
 9, 3, 1, 1, 3, 2,10, 7, 4, 2,-1, 5, 9, 8, 8, 3,10, 0, 7, 2, 7, 1
 4, 2, 3,10,-1, 5, 6, 9, 6, 7, 2, 5,10, 9,10, 6, 5, 5, 8, 4, 5,-1
 1, 2, 6, 2, 7, 3, 8, 7,10, 7,10, 3, 7, 0, 0, 5, 9, 0, 5,10, 7, 2
 9,10,-1,-1,10, 0,-1, 2, 6, 9, 6, 4, 0, 2, 9, 3,10, 2, 9,-1, 5, 8
-1, 6, 5, 4, 0, 7, 5, 5, 8, 9,10,10, 8,-1,10, 7, 2, 3, 7, 8, 0, 4
 0, 3, 7,10, 3, 1, 3, 4, 2, 4, 0,-1, 8,-1,10, 3, 5, 3, 7, 8,10, 7
 9, 5, 1,10, 8, 4, 8, 3, 2, 5, 1, 7, 0,10,10, 3, 7, 7, 5, 5, 2, 6
 6,-1, 5,-1, 1,10,-1, 6, 9, 3, 1, 2, 3, 4, 7, 7, 7, 6, 0, 5, 2, 2
0,0
21,21
end
